characteristic,node
148,0
148,1
148,2
147,1
147,2
146,1
146,2
145,0
144,0
144,1
143,0
143,1
143,2
142,1
142,2
141,0
141,2
140,0
140,1
140,2
139,0
139,2
138,2
137,0
137,2
136,0
136,1
136,2
135,1
134,0
134,2
133,0
133,1
133,2
132,2
131,0
131,1
131,2
130,1
130,2
129,0
129,1
129,2
128,0
128,2
127,0
127,1
127,2
126,0
126,1
125,2
124,1
124,2
123,0
123,1
122,0
121,2
120,1
120,2
119,0
119,1
118,0
118,2
117,0
116,2
115,1
114,0
114,1
114,2
113,0
112,0
112,1
112,2
109,2
108,0
108,1
107,0
106,0
106,1
106,2
105,1
105,2
104,0
104,1
104,2
103,0
103,1
103,2
102,0
102,1
102,2
101,0
101,2
100,0
100,2
99,2
98,2
97,0
97,2
96,0
95,0
95,2
94,0
94,1
94,2
93,0
93,1
93,2
92,1
92,2
91,1
91,2
90,0
90,2
89,0
89,1
89,2
88,1
88,2
87,0
87,2
86,0
86,1
85,0
85,1
85,2
84,2
83,0
83,1
83,2
82,1
82,2
81,1
80,0
80,1
80,2
79,1
78,0
78,1
78,2
77,0
77,1
77,2
76,0
76,2
75,0
75,1
75,2
74,0
74,1
73,0
73,1
73,2
72,1
72,2
71,0
71,1
71,2
70,0
70,1
70,2
69,0
69,2
68,0
68,1
68,2
67,0
67,2
66,2
65,1
64,0
64,1
64,2
63,1
62,1
61,2
60,0
60,1
60,2
59,0
59,1
58,0
58,1
58,2
57,1
57,2
56,0
56,1
56,2
55,0
55,1
55,2
54,2
53,0
53,1
53,2
52,0
52,1
52,2
51,0
51,2
50,1
50,2
49,1
49,2
48,0
48,2
47,1
46,0
46,1
46,2
45,0
45,1
45,2
43,1
42,0
42,1
42,2
41,1
41,2
40,0
40,1
40,2
39,0
39,2
38,0
38,1
38,2
37,1
37,2
36,0
36,1
36,2
35,0
35,2
34,0
34,1
33,0
33,1
33,2
31,0
31,1
30,0
30,1
29,1
29,2
28,0
28,1
28,2
27,0
27,2
26,2
25,0
25,1
24,2
23,0
23,2
22,0
21,1
21,2
20,0
20,2
19,1
19,2
18,1
17,0
17,1
17,2
16,1
16,2
15,1
14,0
14,2
13,1
12,1
11,2
10,1
9,0
8,1
8,2
7,0
7,1
7,2
6,0
6,1
6,2
5,2
4,0
3,1
2,0
2,1
2,2
1,0
1,1
1,2
0,0
1,1
